Unicode,Python Code,Occurrences,Position,Neg,Neut,Pos,Sentiment score,Unicode name,Unicode block
0x1f602,U0001f602,14622,0.805,0.247,0.285,0.468,0.221,FACE WITH TEARS OF JOY,Emoticons
0x1f60d,U0001f60d,6359,0.765,0.052,0.219,0.729,0.678,SMILING FACE WITH HEART-SHAPED EYES,Emoticons
0x1f62d,U0001f62d,5526,0.803,0.436,0.22,0.343,-0.093,LOUDLY CRYING FACE,Emoticons
0x1f618,U0001f618,3648,0.854,0.053,0.193,0.754,0.701,FACE THROWING A KISS,Emoticons
0x1f60a,U0001f60a,3186,0.813,0.06,0.237,0.704,0.644,SMILING FACE WITH SMILING EYES,Emoticons
0x1f44c,U0001f44c,2925,0.805,0.094,0.249,0.657,0.563,OK HAND SIGN,Miscellaneous Symbols and Pictographs
0x1f495,U0001f495,2400,0.766,0.042,0.285,0.674,0.632,TWO HEARTS,Miscellaneous Symbols and Pictographs
0x1f44f,U0001f44f,2336,0.787,0.104,0.271,0.624,0.52,CLAPPING HANDS SIGN,Miscellaneous Symbols and Pictographs
0x1f601,U0001f601,2189,0.796,0.127,0.296,0.577,0.449,GRINNING FACE WITH SMILING EYES,Emoticons
0x1f44d,U0001f44d,1854,0.812,0.115,0.248,0.637,0.521,THUMBS UP SIGN,Miscellaneous Symbols and Pictographs
0x1f629,U0001f629,1808,0.826,0.591,0.186,0.223,-0.368,WEARY FACE,Emoticons
0x1f64f,U0001f64f,1539,0.794,0.081,0.421,0.498,0.417,PERSON WITH FOLDED HANDS,Emoticons
0x1f60f,U0001f60f,1522,0.765,0.112,0.444,0.444,0.332,SMIRKING FACE,Emoticons
0x1f609,U0001f609,1521,0.845,0.1,0.337,0.563,0.463,WINKING FACE,Emoticons
0x1f64c,U0001f64c,1506,0.791,0.101,0.238,0.661,0.559,PERSON RAISING BOTH HANDS IN CELEBRATION,Emoticons
0x1f648,U0001f648,1456,0.739,0.164,0.241,0.596,0.432,SEE-NO-EVIL MONKEY,Emoticons
0x1f4aa,U0001f4aa,1409,0.807,0.072,0.301,0.627,0.555,FLEXED BICEPS,Miscellaneous Symbols and Pictographs
0x1f604,U0001f604,1398,0.795,0.137,0.305,0.558,0.421,SMILING FACE WITH OPEN MOUTH AND SMILING EYES,Emoticons
0x1f612,U0001f612,1385,0.858,0.591,0.192,0.217,-0.374,UNAMUSED FACE,Emoticons
0x1f483,U0001f483,1344,0.853,0.045,0.177,0.779,0.734,DANCER,Miscellaneous Symbols and Pictographs
0x1f496,U0001f496,1263,0.762,0.043,0.201,0.755,0.712,SPARKLING HEART,Miscellaneous Symbols and Pictographs
0x1f603,U0001f603,1206,0.735,0.072,0.299,0.629,0.557,SMILING FACE WITH OPEN MOUTH,Emoticons
0x1f614,U0001f614,1205,0.866,0.464,0.219,0.318,-0.146,PENSIVE FACE,Emoticons
0x1f631,U0001f631,1130,0.773,0.264,0.282,0.454,0.19,FACE SCREAMING IN FEAR,Emoticons
0x1f389,U0001f389,1125,0.744,0.039,0.184,0.777,0.738,PARTY POPPER,Miscellaneous Symbols and Pictographs
0x1f61c,U0001f61c,1035,0.822,0.112,0.322,0.566,0.455,FACE WITH STUCK-OUT TONGUE AND WINKING EYE,Emoticons
0x1f338,U0001f338,946,0.57,0.04,0.27,0.69,0.65,CHERRY BLOSSOM,Miscellaneous Symbols and Pictographs
0x1f49c,U0001f49c,939,0.731,0.045,0.257,0.699,0.654,PURPLE HEART,Miscellaneous Symbols and Pictographs
0x1f499,U0001f499,912,0.703,0.033,0.204,0.763,0.73,BLUE HEART,Miscellaneous Symbols and Pictographs
0x1f633,U0001f633,846,0.797,0.327,0.327,0.345,0.018,FLUSHED FACE,Emoticons
0x1f497,U0001f497,836,0.8,0.051,0.241,0.708,0.657,GROWING HEART,Miscellaneous Symbols and Pictographs
0x1f621,U0001f621,756,0.862,0.532,0.108,0.36,-0.173,POUTING FACE,Emoticons
0x1f60e,U0001f60e,754,0.766,0.106,0.297,0.597,0.491,SMILING FACE WITH SUNGLASSES,Emoticons
0x1f622,U0001f622,749,0.814,0.384,0.225,0.391,0.007,CRYING FACE,Emoticons
0x1f48b,U0001f48b,734,0.801,0.039,0.231,0.73,0.691,KISS MARK,Miscellaneous Symbols and Pictographs
0x1f60b,U0001f60b,734,0.765,0.046,0.277,0.677,0.631,FACE SAVOURING DELICIOUS FOOD,Emoticons
0x1f64a,U0001f64a,725,0.741,0.135,0.272,0.593,0.459,SPEAK-NO-EVIL MONKEY,Emoticons
0x1f634,U0001f634,718,0.85,0.422,0.237,0.341,-0.08,SLEEPING FACE,Emoticons
0x1f3b6,U0001f3b6,701,0.797,0.097,0.27,0.634,0.537,MULTIPLE MUSICAL NOTES,Miscellaneous Symbols and Pictographs
0x1f49e,U0001f49e,687,0.829,0.041,0.18,0.78,0.739,REVOLVING HEARTS,Miscellaneous Symbols and Pictographs
0x1f60c,U0001f60c,665,0.847,0.141,0.237,0.623,0.482,RELIEVED FACE,Emoticons
0x1f525,U0001f525,651,0.616,0.124,0.613,0.263,0.139,FIRE,Miscellaneous Symbols and Pictographs
0x1f4af,U0001f4af,637,0.872,0.281,0.317,0.402,0.12,HUNDRED POINTS SYMBOL,Miscellaneous Symbols and Pictographs
0x1f52b,U0001f52b,604,0.894,0.493,0.209,0.298,-0.194,PISTOL,Miscellaneous Symbols and Pictographs
0x1f49b,U0001f49b,602,0.752,0.043,0.205,0.752,0.709,YELLOW HEART,Miscellaneous Symbols and Pictographs
0x1f481,U0001f481,549,0.84,0.192,0.29,0.518,0.326,INFORMATION DESK PERSON,Miscellaneous Symbols and Pictographs
0x1f49a,U0001f49a,537,0.737,0.078,0.189,0.733,0.656,GREEN HEART,Miscellaneous Symbols and Pictographs
0x1f61e,U0001f61e,532,0.825,0.479,0.161,0.361,-0.118,DISAPPOINTED FACE,Emoticons
0x1f606,U0001f606,527,0.809,0.155,0.281,0.564,0.409,SMILING FACE WITH OPEN MOUTH AND TIGHTLY-CLOSED EYES,Emoticons
0x1f61d,U0001f61d,496,0.809,0.132,0.313,0.555,0.423,FACE WITH STUCK-OUT TONGUE AND TIGHTLY-CLOSED EYES,Emoticons
0x1f62a,U0001f62a,482,0.858,0.431,0.219,0.351,-0.08,SLEEPY FACE,Emoticons
0x1f62b,U0001f62b,467,0.84,0.485,0.174,0.34,-0.145,TIRED FACE,Emoticons
0x1f605,U0001f605,462,0.828,0.292,0.237,0.471,0.178,SMILING FACE WITH OPEN MOUTH AND COLD SWEAT,Emoticons
0x1f44a,U0001f44a,458,0.825,0.265,0.243,0.492,0.228,FISTED HAND SIGN,Miscellaneous Symbols and Pictographs
0x1f480,U0001f480,456,0.739,0.468,0.27,0.261,-0.207,SKULL,Miscellaneous Symbols and Pictographs
0x1f600,U0001f600,439,0.786,0.086,0.26,0.654,0.568,GRINNING FACE,Emoticons
0x1f61a,U0001f61a,424,0.853,0.049,0.192,0.759,0.71,KISSING FACE WITH CLOSED EYES,Emoticons
0x1f63b,U0001f63b,417,0.73,0.069,0.243,0.688,0.619,SMILING CAT FACE WITH HEART-SHAPED EYES,Emoticons
0x1f440,U0001f440,410,0.759,0.228,0.482,0.291,0.063,EYES,Miscellaneous Symbols and Pictographs
0x1f498,U0001f498,395,0.785,0.048,0.221,0.731,0.683,HEART WITH ARROW,Miscellaneous Symbols and Pictographs
0x1f413,U0001f413,384,0.491,0.109,0.755,0.137,0.028,ROOSTER,Miscellaneous Symbols and Pictographs
0x1f44b,U0001f44b,382,0.798,0.158,0.27,0.571,0.413,WAVING HAND SIGN,Miscellaneous Symbols and Pictographs
0x1f38a,U0001f38a,363,0.724,0.057,0.164,0.779,0.721,CONFETTI BALL,Miscellaneous Symbols and Pictographs
0x1f355,U0001f355,352,0.545,0.056,0.47,0.473,0.417,SLICE OF PIZZA,Miscellaneous Symbols and Pictographs
0x1f625,U0001f625,341,0.882,0.317,0.244,0.439,0.122,DISAPPOINTED BUT RELIEVED FACE,Emoticons
0x1f615,U0001f615,340,0.857,0.601,0.195,0.204,-0.397,CONFUSED FACE,Emoticons
0x1f4a5,U0001f4a5,329,0.587,0.072,0.708,0.22,0.148,COLLISION SYMBOL,Miscellaneous Symbols and Pictographs
0x1f494,U0001f494,328,0.836,0.414,0.293,0.293,-0.121,BROKEN HEART,Miscellaneous Symbols and Pictographs
0x1f624,U0001f624,327,0.884,0.479,0.252,0.27,-0.209,FACE WITH LOOK OF TRIUMPH,Emoticons
0x1f608,U0001f608,325,0.762,0.204,0.326,0.47,0.265,SMILING FACE WITH HORNS,Emoticons
0x1f51d,U0001f51d,303,0.798,0.088,0.35,0.562,0.474,TOP WITH UPWARDS ARROW ABOVE,Miscellaneous Symbols and Pictographs
0x1f630,U0001f630,302,0.92,0.436,0.148,0.416,-0.02,FACE WITH OPEN MOUTH AND COLD SWEAT,Emoticons
0x1f611,U0001f611,299,0.844,0.513,0.285,0.202,-0.311,EXPRESSIONLESS FACE,Emoticons
0x1f451,U0001f451,298,0.699,0.043,0.219,0.738,0.694,CROWN,Miscellaneous Symbols and Pictographs
0x1f639,U0001f639,295,0.807,0.299,0.262,0.44,0.141,CAT FACE WITH TEARS OF JOY,Emoticons
0x1f449,U0001f449,292,0.559,0.071,0.468,0.461,0.39,WHITE RIGHT POINTING BACKHAND INDEX,Miscellaneous Symbols and Pictographs
0x1f343,U0001f343,291,0.572,0.102,0.418,0.48,0.378,LEAF FLUTTERING IN WIND,Miscellaneous Symbols and Pictographs
0x1f381,U0001f381,288,0.709,0.041,0.158,0.801,0.759,WRAPPED PRESENT,Miscellaneous Symbols and Pictographs
0x1f620,U0001f620,288,0.849,0.564,0.172,0.265,-0.299,ANGRY FACE,Emoticons
0x1f427,U0001f427,284,0.54,0.042,0.46,0.498,0.456,PENGUIN,Miscellaneous Symbols and Pictographs
0x1f340,U0001f340,278,0.768,0.025,0.665,0.31,0.285,FOUR LEAF CLOVER,Miscellaneous Symbols and Pictographs
0x1f388,U0001f388,277,0.719,0.018,0.246,0.736,0.718,BALLOON,Miscellaneous Symbols and Pictographs
0x1f385,U0001f385,274,0.801,0.029,0.625,0.347,0.318,FATHER CHRISTMAS,Miscellaneous Symbols and Pictographs
0x1f613,U0001f613,273,0.845,0.431,0.217,0.351,-0.08,FACE WITH COLD SWEAT,Emoticons
0x1f623,U0001f623,271,0.903,0.54,0.131,0.328,-0.212,PERSEVERING FACE,Emoticons
0x1f610,U0001f610,270,0.883,0.553,0.282,0.165,-0.388,NEUTRAL FACE,Emoticons
0x1f628,U0001f628,269,0.814,0.434,0.272,0.294,-0.14,FEARFUL FACE,Emoticons
0x1f616,U0001f616,268,0.869,0.483,0.188,0.328,-0.155,CONFOUNDED FACE,Emoticons
0x1f4a4,U0001f4a4,267,0.8,0.144,0.341,0.515,0.37,SLEEPING SYMBOL,Miscellaneous Symbols and Pictographs
0x1f493,U0001f493,259,0.783,0.061,0.214,0.725,0.664,BEATING HEART,Miscellaneous Symbols and Pictographs
0x1f44e,U0001f44e,258,0.914,0.494,0.199,0.307,-0.188,THUMBS DOWN SIGN,Miscellaneous Symbols and Pictographs
0x1f4a6,U0001f4a6,252,0.779,0.141,0.247,0.612,0.471,SPLASHING SWEAT SYMBOL,Miscellaneous Symbols and Pictographs
0x1f637,U0001f637,246,0.84,0.474,0.221,0.305,-0.169,FACE WITH MEDICAL MASK,Emoticons
0x1f64b,U0001f64b,236,0.733,0.13,0.255,0.615,0.485,HAPPY PERSON RAISING ONE HAND,Emoticons
0x1f384,U0001f384,236,0.633,0.067,0.335,0.598,0.531,CHRISTMAS TREE,Miscellaneous Symbols and Pictographs
0x1f4a9,U0001f4a9,229,0.84,0.409,0.297,0.293,-0.116,PILE OF POO,Miscellaneous Symbols and Pictographs
0x1f3b5,U0001f3b5,223,0.715,0.106,0.288,0.606,0.5,MUSICAL NOTE,Miscellaneous Symbols and Pictographs
0x1f61b,U0001f61b,220,0.734,0.085,0.229,0.686,0.601,FACE WITH STUCK-OUT TONGUE,Emoticons
0x1f62c,U0001f62c,214,0.794,0.267,0.272,0.461,0.194,GRIMACING FACE,Emoticons
0x1f46f,U0001f46f,211,0.742,0.117,0.327,0.556,0.439,WOMAN WITH BUNNY EARS,Miscellaneous Symbols and Pictographs
0x1f48e,U0001f48e,209,0.694,0.057,0.325,0.618,0.561,GEM STONE,Miscellaneous Symbols and Pictographs
0x1f33f,U0001f33f,208,0.6,0.009,0.597,0.393,0.384,HERB,Miscellaneous Symbols and Pictographs
0x1f382,U0001f382,201,0.748,0.083,0.221,0.696,0.613,BIRTHDAY CAKE,Miscellaneous Symbols and Pictographs
0x1f31f,U0001f31f,199,0.655,0.059,0.554,0.386,0.327,GLOWING STAR,Miscellaneous Symbols and Pictographs
0x1f52e,U0001f52e,199,0.333,0.035,0.663,0.302,0.267,CRYSTAL BALL,Miscellaneous Symbols and Pictographs
0x1f46b,U0001f46b,197,0.664,0.22,0.305,0.475,0.255,MAN AND WOMAN HOLDING HANDS,Miscellaneous Symbols and Pictographs
0x1f3c6,U0001f3c6,194,0.706,0.036,0.203,0.761,0.726,TROPHY,Miscellaneous Symbols and Pictographs
0x1f619,U0001f619,191,0.876,0.021,0.18,0.799,0.778,KISSING FACE WITH SMILING EYES,Emoticons
0x1f445,U0001f445,190,0.738,0.124,0.29,0.585,0.461,TONGUE,Miscellaneous Symbols and Pictographs
0x1f342,U0001f342,189,0.635,0.036,0.38,0.583,0.547,FALLEN LEAF,Miscellaneous Symbols and Pictographs
0x1f48f,U0001f48f,185,0.729,0.181,0.25,0.569,0.388,KISS,Miscellaneous Symbols and Pictographs
0x1f52a,U0001f52a,183,0.764,0.21,0.511,0.28,0.07,HOCHO,Miscellaneous Symbols and Pictographs
0x1f334,U0001f334,178,0.676,0.077,0.32,0.602,0.525,PALM TREE,Miscellaneous Symbols and Pictographs
0x1f448,U0001f448,174,0.701,0.085,0.407,0.508,0.424,WHITE LEFT POINTING BACKHAND INDEX,Miscellaneous Symbols and Pictographs
0x1f339,U0001f339,172,0.664,0.023,0.354,0.623,0.6,ROSE,Miscellaneous Symbols and Pictographs
0x1f646,U0001f646,171,0.84,0.092,0.316,0.592,0.5,FACE WITH OK GESTURE,Emoticons
0x1f47b,U0001f47b,168,0.741,0.17,0.433,0.398,0.228,GHOST,Miscellaneous Symbols and Pictographs
0x1f4b0,U0001f4b0,168,0.827,0.158,0.433,0.409,0.251,MONEY BAG,Miscellaneous Symbols and Pictographs
0x1f37b,U0001f37b,165,0.745,0.107,0.274,0.619,0.512,CLINKING BEER MUGS,Miscellaneous Symbols and Pictographs
0x1f645,U0001f645,165,0.839,0.458,0.286,0.256,-0.202,FACE WITH NO GOOD GESTURE,Emoticons
0x1f31e,U0001f31e,162,0.709,0.024,0.394,0.582,0.558,SUN WITH FACE,Miscellaneous Symbols and Pictographs
0x1f341,U0001f341,161,0.624,0.037,0.445,0.518,0.482,MAPLE LEAF,Miscellaneous Symbols and Pictographs
0x1f380,U0001f380,156,0.652,0.044,0.283,0.673,0.629,RIBBON,Miscellaneous Symbols and Pictographs
0x1f437,U0001f437,152,0.603,0.077,0.477,0.445,0.368,PIG FACE,Miscellaneous Symbols and Pictographs
0x1f649,U0001f649,150,0.758,0.176,0.314,0.51,0.333,HEAR-NO-EVIL MONKEY,Emoticons
0x1f33a,U0001f33a,150,0.629,0.02,0.412,0.569,0.549,HIBISCUS,Miscellaneous Symbols and Pictographs
0x1f485,U0001f485,149,0.756,0.184,0.243,0.572,0.388,NAIL POLISH,Miscellaneous Symbols and Pictographs
0x1f436,U0001f436,148,0.654,0.086,0.252,0.662,0.576,DOG FACE,Miscellaneous Symbols and Pictographs
0x1f31a,U0001f31a,148,0.76,0.159,0.219,0.623,0.464,NEW MOON WITH FACE,Miscellaneous Symbols and Pictographs
0x1f47d,U0001f47d,146,0.612,0.094,0.497,0.409,0.315,EXTRATERRESTRIAL ALIEN,Miscellaneous Symbols and Pictographs
0x1f3a4,U0001f3a4,144,0.671,0.122,0.279,0.599,0.476,MICROPHONE,Miscellaneous Symbols and Pictographs
0x1f46d,U0001f46d,144,0.667,0.143,0.252,0.605,0.463,TWO WOMEN HOLDING HANDS,Miscellaneous Symbols and Pictographs
0x1f3a7,U0001f3a7,142,0.843,0.131,0.324,0.545,0.414,HEADPHONE,Miscellaneous Symbols and Pictographs
0x1f446,U0001f446,138,0.787,0.121,0.433,0.447,0.326,WHITE UP POINTING BACKHAND INDEX,Miscellaneous Symbols and Pictographs
0x1f378,U0001f378,138,0.663,0.092,0.277,0.631,0.539,COCKTAIL GLASS,Miscellaneous Symbols and Pictographs
0x1f377,U0001f377,137,0.604,0.057,0.493,0.45,0.393,WINE GLASS,Miscellaneous Symbols and Pictographs
0x1f349,U0001f349,136,0.648,0.079,0.245,0.676,0.597,WATERMELON,Miscellaneous Symbols and Pictographs
0x1f607,U0001f607,135,0.782,0.072,0.268,0.659,0.587,SMILING FACE WITH HALO,Emoticons
0x1f3c3,U0001f3c3,135,0.735,0.094,0.406,0.5,0.406,RUNNER,Miscellaneous Symbols and Pictographs
0x1f63f,U0001f63f,134,0.812,0.577,0.219,0.204,-0.372,CRYING CAT FACE,Emoticons
0x1f4a3,U0001f4a3,131,0.847,0.306,0.381,0.313,0.007,BOMB,Miscellaneous Symbols and Pictographs
0x1f37a,U0001f37a,131,0.682,0.067,0.373,0.56,0.493,BEER MUG,Miscellaneous Symbols and Pictographs
0x1f632,U0001f632,129,0.854,0.386,0.295,0.318,-0.068,ASTONISHED FACE,Emoticons
0x1f3b8,U0001f3b8,125,0.605,0.016,0.453,0.531,0.516,GUITAR,Miscellaneous Symbols and Pictographs
0x1f379,U0001f379,123,0.764,0.048,0.246,0.706,0.659,TROPICAL DRINK,Miscellaneous Symbols and Pictographs
0x1f4ab,U0001f4ab,121,0.614,0.04,0.419,0.54,0.5,DIZZY SYMBOL,Miscellaneous Symbols and Pictographs
0x1f4da,U0001f4da,119,0.692,0.189,0.287,0.525,0.336,BOOKS,Miscellaneous Symbols and Pictographs
0x1f636,U0001f636,117,0.869,0.425,0.292,0.283,-0.142,FACE WITHOUT MOUTH,Emoticons
0x1f337,U0001f337,116,0.623,0.008,0.445,0.546,0.538,TULIP,Miscellaneous Symbols and Pictographs
0x1f49d,U0001f49d,115,0.774,0.076,0.203,0.72,0.644,HEART WITH RIBBON,Miscellaneous Symbols and Pictographs
0x1f4a8,U0001f4a8,115,0.711,0.11,0.398,0.492,0.381,DASH SYMBOL,Miscellaneous Symbols and Pictographs
0x1f3c8,U0001f3c8,114,0.823,0.068,0.333,0.598,0.53,AMERICAN FOOTBALL,Miscellaneous Symbols and Pictographs
0x1f48d,U0001f48d,112,0.808,0.148,0.226,0.626,0.478,RING,Miscellaneous Symbols and Pictographs
0x1f478,U0001f478,111,0.654,0.061,0.272,0.667,0.605,PRINCESS,Miscellaneous Symbols and Pictographs
0x1f1ea,U0001f1ea,109,0.699,0.027,0.33,0.643,0.616,REGIONAL INDICATOR SYMBOL LETTER E,Enclosed Alphanumeric Supplement
0x1f369,U0001f369,107,0.709,0.145,0.327,0.527,0.382,DOUGHNUT,Miscellaneous Symbols and Pictographs
0x1f47e,U0001f47e,105,0.552,0.019,0.602,0.38,0.361,ALIEN MONSTER,Miscellaneous Symbols and Pictographs
0x1f33b,U0001f33b,104,0.607,0.019,0.393,0.589,0.57,SUNFLOWER,Miscellaneous Symbols and Pictographs
0x1f635,U0001f635,103,0.809,0.321,0.274,0.406,0.085,DIZZY FACE,Emoticons
0x1f4d2,U0001f4d2,102,0.474,0.01,0.943,0.048,0.038,LEDGER,Miscellaneous Symbols and Pictographs
0x1f42f,U0001f42f,100,0.55,0.049,0.427,0.524,0.476,TIGER FACE,Miscellaneous Symbols and Pictographs
0x1f47c,U0001f47c,99,0.683,0.176,0.314,0.51,0.333,BABY ANGEL,Miscellaneous Symbols and Pictographs
0x1f354,U0001f354,98,0.637,0.168,0.386,0.446,0.277,HAMBURGER,Miscellaneous Symbols and Pictographs
0x1f638,U0001f638,97,0.782,0.12,0.35,0.53,0.41,GRINNING CAT FACE WITH SMILING EYES,Emoticons
0x1f476,U0001f476,96,0.745,0.141,0.283,0.576,0.434,BABY,Miscellaneous Symbols and Pictographs
0x1f490,U0001f490,95,0.728,0.041,0.184,0.776,0.735,BOUQUET,Miscellaneous Symbols and Pictographs
0x1f30a,U0001f30a,95,0.78,0.092,0.316,0.592,0.5,WATER WAVE,Miscellaneous Symbols and Pictographs
0x1f366,U0001f366,95,0.63,0.143,0.255,0.602,0.459,SOFT ICE CREAM,Miscellaneous Symbols and Pictographs
0x1f353,U0001f353,94,0.689,0.041,0.247,0.711,0.67,STRAWBERRY,Miscellaneous Symbols and Pictographs
0x1f447,U0001f447,94,0.557,0.144,0.464,0.392,0.247,WHITE DOWN POINTING BACKHAND INDEX,Miscellaneous Symbols and Pictographs
0x1f486,U0001f486,92,0.814,0.263,0.253,0.484,0.221,FACE MASSAGE,Miscellaneous Symbols and Pictographs
0x1f374,U0001f374,92,0.58,0.053,0.358,0.589,0.537,FORK AND KNIFE,Miscellaneous Symbols and Pictographs
0x1f627,U0001f627,92,0.775,0.389,0.284,0.326,-0.063,ANGUISHED FACE,Emoticons
0x1f1f8,U0001f1f8,91,0.655,0.096,0.298,0.606,0.511,REGIONAL INDICATOR SYMBOL LETTER S,Enclosed Alphanumeric Supplement
0x1f62e,U0001f62e,90,0.774,0.183,0.366,0.452,0.269,FACE WITH OPEN MOUTH,Emoticons
0x1f6ab,U0001f6ab,88,0.703,0.538,0.363,0.099,-0.44,NO ENTRY SIGN,Transport and Map Symbols
0x1f63d,U0001f63d,88,0.754,0.132,0.165,0.703,0.571,KISSING CAT FACE WITH CLOSED EYES,Emoticons
0x1f308,U0001f308,88,0.672,0.066,0.352,0.582,0.516,RAINBOW,Miscellaneous Symbols and Pictographs
0x1f640,U0001f640,88,0.791,0.165,0.341,0.495,0.33,WEARY CAT FACE,Emoticons
0x1f3ae,U0001f3ae,86,0.467,0.101,0.371,0.528,0.427,VIDEO GAME,Miscellaneous Symbols and Pictographs
0x1f346,U0001f346,84,0.719,0.08,0.437,0.483,0.402,AUBERGINE,Miscellaneous Symbols and Pictographs
0x1f370,U0001f370,84,0.783,0.161,0.23,0.609,0.448,SHORTCAKE,Miscellaneous Symbols and Pictographs
0x1f450,U0001f450,83,0.876,0.395,0.233,0.372,-0.023,OPEN HANDS SIGN,Miscellaneous Symbols and Pictographs
0x1f647,U0001f647,83,0.794,0.291,0.279,0.43,0.14,PERSON BOWING DEEPLY,Emoticons
0x1f35f,U0001f35f,83,0.65,0.174,0.349,0.477,0.302,FRENCH FRIES,Miscellaneous Symbols and Pictographs
0x1f34c,U0001f34c,82,0.541,0.129,0.306,0.565,0.435,BANANA,Miscellaneous Symbols and Pictographs
0x1f491,U0001f491,82,0.683,0.071,0.2,0.729,0.659,COUPLE WITH HEART,Miscellaneous Symbols and Pictographs
0x1f46c,U0001f46c,82,0.622,0.353,0.353,0.294,-0.059,TWO MEN HOLDING HANDS,Miscellaneous Symbols and Pictographs
0x1f423,U0001f423,81,0.776,0.155,0.214,0.631,0.476,HATCHING CHICK,Miscellaneous Symbols and Pictographs
0x1f383,U0001f383,81,0.724,0.083,0.238,0.679,0.595,JACK-O-LANTERN,Miscellaneous Symbols and Pictographs
0x1f61f,U0001f61f,80,0.824,0.349,0.229,0.422,0.072,WORRIED FACE,Emoticons
0x1f43e,U0001f43e,78,0.739,0.111,0.173,0.716,0.605,PAW PRINTS,Miscellaneous Symbols and Pictographs
0x1f393,U0001f393,77,0.647,0.1,0.238,0.663,0.563,GRADUATION CAP,Miscellaneous Symbols and Pictographs
0x1f3ca,U0001f3ca,77,0.653,0.038,0.35,0.613,0.575,SWIMMER,Miscellaneous Symbols and Pictographs
0x1f36b,U0001f36b,76,0.793,0.291,0.266,0.443,0.152,CHOCOLATE BAR,Miscellaneous Symbols and Pictographs
0x1f4f7,U0001f4f7,76,0.49,0.101,0.367,0.532,0.43,CAMERA,Miscellaneous Symbols and Pictographs
0x1f444,U0001f444,75,0.592,0.077,0.372,0.551,0.474,MOUTH,Miscellaneous Symbols and Pictographs
0x1f33c,U0001f33c,74,0.604,0.026,0.169,0.805,0.779,BLOSSOM,Miscellaneous Symbols and Pictographs
0x1f6b6,U0001f6b6,74,0.797,0.377,0.39,0.234,-0.143,PEDESTRIAN,Transport and Map Symbols
0x1f431,U0001f431,73,0.544,0.145,0.197,0.658,0.513,CAT FACE,Miscellaneous Symbols and Pictographs
0x1f438,U0001f438,72,0.846,0.333,0.413,0.253,-0.08,FROG FACE,Miscellaneous Symbols and Pictographs
0x1f1fa,U0001f1fa,71,0.683,0.122,0.216,0.662,0.541,REGIONAL INDICATOR SYMBOL LETTER U,Enclosed Alphanumeric Supplement
0x1f47f,U0001f47f,70,0.911,0.658,0.219,0.123,-0.534,IMP,Miscellaneous Symbols and Pictographs
0x1f6ac,U0001f6ac,70,0.805,0.123,0.233,0.644,0.521,SMOKING SYMBOL,Transport and Map Symbols
0x1f4d6,U0001f4d6,68,0.71,0.268,0.296,0.437,0.169,OPEN BOOK,Miscellaneous Symbols and Pictographs
0x1f412,U0001f412,68,0.64,0.028,0.423,0.549,0.521,MONKEY,Miscellaneous Symbols and Pictographs
0x1f30d,U0001f30d,68,0.624,0.085,0.239,0.676,0.592,EARTH GLOBE EUROPE-AFRICA,Miscellaneous Symbols and Pictographs
0x1f425,U0001f425,67,0.78,0.071,0.271,0.657,0.586,FRONT-FACING BABY CHICK,Miscellaneous Symbols and Pictographs
0x1f300,U0001f300,66,0.553,0.159,0.58,0.261,0.101,CYCLONE,Miscellaneous Symbols and Pictographs
0x1f43c,U0001f43c,66,0.614,0.072,0.594,0.333,0.261,PANDA FACE,Miscellaneous Symbols and Pictographs
0x1f3a5,U0001f3a5,66,0.676,0.13,0.449,0.42,0.29,MOVIE CAMERA,Miscellaneous Symbols and Pictographs
0x1f484,U0001f484,66,0.637,0.101,0.362,0.536,0.435,LIPSTICK,Miscellaneous Symbols and Pictographs
0x1f4b8,U0001f4b8,66,0.79,0.246,0.348,0.406,0.159,MONEY WITH WINGS,Miscellaneous Symbols and Pictographs
0x1f3c0,U0001f3c0,64,0.807,0.209,0.328,0.463,0.254,BASKETBALL AND HOOP,Miscellaneous Symbols and Pictographs
0x1f489,U0001f489,64,0.75,0.179,0.284,0.537,0.358,SYRINGE,Miscellaneous Symbols and Pictographs
0x1f49f,U0001f49f,63,0.788,0.061,0.197,0.742,0.682,HEART DECORATION,Miscellaneous Symbols and Pictographs
0x1f697,U0001f697,62,0.638,0.138,0.492,0.369,0.231,AUTOMOBILE,Transport and Map Symbols
0x1f62f,U0001f62f,62,0.859,0.262,0.354,0.385,0.123,HUSHED FACE,Emoticons
0x1f4dd,U0001f4dd,62,0.795,0.138,0.492,0.369,0.231,MEMO,Miscellaneous Symbols and Pictographs
0x1f4ad,U0001f4ad,60,0.688,0.175,0.444,0.381,0.206,THOUGHT BALLOON,Miscellaneous Symbols and Pictographs
0x1f319,U0001f319,58,0.669,0.066,0.279,0.656,0.59,CRESCENT MOON,Miscellaneous Symbols and Pictographs
0x1f41f,U0001f41f,58,0.677,0.049,0.213,0.738,0.689,FISH,Miscellaneous Symbols and Pictographs
0x1f463,U0001f463,58,0.639,0.115,0.426,0.459,0.344,FOOTPRINTS,Miscellaneous Symbols and Pictographs
0x1f5ff,U0001f5ff,58,0.942,0.098,0.361,0.541,0.443,MOYAI,Miscellaneous Symbols and Pictographs
0x1f35d,U0001f35d,57,0.564,0.283,0.317,0.4,0.117,SPAGHETTI,Miscellaneous Symbols and Pictographs
0x1f46a,U0001f46a,57,0.653,0.417,0.183,0.4,-0.017,FAMILY,Miscellaneous Symbols and Pictographs
0x1f36d,U0001f36d,57,0.633,0.167,0.367,0.467,0.3,LOLLIPOP,Miscellaneous Symbols and Pictographs
0x1f303,U0001f303,56,0.748,0.068,0.475,0.458,0.39,NIGHT WITH STARS,Miscellaneous Symbols and Pictographs
0x1f430,U0001f430,55,0.708,0.086,0.241,0.672,0.586,RABBIT FACE,Miscellaneous Symbols and Pictographs
0x1f48a,U0001f48a,55,0.675,0.155,0.259,0.586,0.431,PILL,Miscellaneous Symbols and Pictographs
0x1f6a8,U0001f6a8,55,0.521,0.121,0.121,0.759,0.638,POLICE CARS REVOLVING LIGHT,Transport and Map Symbols
0x1f626,U0001f626,54,0.882,0.544,0.281,0.175,-0.368,FROWNING FACE WITH OPEN MOUTH,Emoticons
0x1f36a,U0001f36a,54,0.737,0.193,0.298,0.509,0.316,COOKIE,Miscellaneous Symbols and Pictographs
0x1f363,U0001f363,53,0.67,0.446,0.339,0.214,-0.232,SUSHI,Miscellaneous Symbols and Pictographs
0x1f386,U0001f386,52,0.799,0.055,0.182,0.764,0.709,FIREWORKS,Miscellaneous Symbols and Pictographs
0x1f38e,U0001f38e,51,0.417,0.019,0.056,0.926,0.907,JAPANESE DOLLS,Miscellaneous Symbols and Pictographs
0x1f1e9,U0001f1e9,51,0.745,0.037,0.315,0.648,0.611,REGIONAL INDICATOR SYMBOL LETTER D,Enclosed Alphanumeric Supplement
0x1f479,U0001f479,49,0.701,0.269,0.404,0.327,0.058,JAPANESE OGRE,Miscellaneous Symbols and Pictographs
0x1f4f1,U0001f4f1,49,0.72,0.096,0.5,0.404,0.308,MOBILE PHONE,Miscellaneous Symbols and Pictographs
0x1f64d,U0001f64d,49,0.845,0.577,0.173,0.25,-0.327,PERSON FROWNING,Emoticons
0x1f351,U0001f351,49,0.739,0.25,0.25,0.5,0.25,PEACH,Miscellaneous Symbols and Pictographs
0x1f3bc,U0001f3bc,49,0.636,0.058,0.558,0.385,0.327,MUSICAL SCORE,Miscellaneous Symbols and Pictographs
0x1f50a,U0001f50a,49,0.652,0.096,0.404,0.5,0.404,SPEAKER WITH THREE SOUND WAVES,Miscellaneous Symbols and Pictographs
0x1f30c,U0001f30c,47,0.751,0.12,0.24,0.64,0.52,MILKY WAY,Miscellaneous Symbols and Pictographs
0x1f34e,U0001f34e,47,0.751,0.14,0.4,0.46,0.32,RED APPLE,Miscellaneous Symbols and Pictographs
0x1f43b,U0001f43b,47,0.692,0.14,0.28,0.58,0.44,BEAR FACE,Miscellaneous Symbols and Pictographs
0x1f487,U0001f487,46,0.678,0.163,0.347,0.49,0.327,HAIRCUT,Miscellaneous Symbols and Pictographs
0x1f534,U0001f534,45,0.656,0.042,0.521,0.438,0.396,LARGE RED CIRCLE,Miscellaneous Symbols and Pictographs
0x1f371,U0001f371,45,0.58,0.542,0.229,0.229,-0.313,BENTO BOX,Miscellaneous Symbols and Pictographs
0x1f34a,U0001f34a,45,0.697,0.146,0.292,0.563,0.417,TANGERINE,Miscellaneous Symbols and Pictographs
0x1f352,U0001f352,45,0.619,0.146,0.396,0.458,0.313,CHERRIES,Miscellaneous Symbols and Pictographs
0x1f42d,U0001f42d,45,0.823,0.021,0.271,0.708,0.688,MOUSE FACE,Miscellaneous Symbols and Pictographs
0x1f45f,U0001f45f,45,0.562,0.125,0.333,0.542,0.417,ATHLETIC SHOE,Miscellaneous Symbols and Pictographs
0x1f30e,U0001f30e,44,0.743,0.128,0.426,0.447,0.319,EARTH GLOBE AMERICAS,Miscellaneous Symbols and Pictographs
0x1f34d,U0001f34d,44,0.583,0.17,0.191,0.638,0.468,PINEAPPLE,Miscellaneous Symbols and Pictographs
0x1f42e,U0001f42e,43,0.847,0.065,0.283,0.652,0.587,COW FACE,Miscellaneous Symbols and Pictographs
0x1f4f2,U0001f4f2,43,0.598,0.174,0.413,0.413,0.239,MOBILE PHONE WITH RIGHTWARDS ARROW AT LEFT,Miscellaneous Symbols and Pictographs
0x1f305,U0001f305,42,0.604,0.156,0.333,0.511,0.356,SUNRISE,Miscellaneous Symbols and Pictographs
0x1f1f7,U0001f1f7,42,0.716,0.044,0.244,0.711,0.667,REGIONAL INDICATOR SYMBOL LETTER R,Enclosed Alphanumeric Supplement
0x1f460,U0001f460,42,0.637,0.156,0.333,0.511,0.356,HIGH-HEELED SHOE,Miscellaneous Symbols and Pictographs
0x1f33d,U0001f33d,42,0.649,0.133,0.289,0.578,0.444,EAR OF MAIZE,Miscellaneous Symbols and Pictographs
0x1f4a7,U0001f4a7,41,0.768,0.477,0.205,0.318,-0.159,DROPLET,Miscellaneous Symbols and Pictographs
0x1f36c,U0001f36c,41,0.784,0.205,0.227,0.568,0.364,CANDY,Miscellaneous Symbols and Pictographs
0x1f63a,U0001f63a,40,0.826,0.209,0.186,0.605,0.395,SMILING CAT FACE WITH OPEN MOUTH,Emoticons
0x1f434,U0001f434,40,0.796,0.209,0.512,0.279,0.07,HORSE FACE,Miscellaneous Symbols and Pictographs
0x1f680,U0001f680,40,0.698,0.07,0.372,0.558,0.488,ROCKET,Transport and Map Symbols
0x1f4a2,U0001f4a2,40,0.561,0.163,0.442,0.395,0.233,ANGER SYMBOL,Miscellaneous Symbols and Pictographs
0x1f3ac,U0001f3ac,40,0.65,0.07,0.581,0.349,0.279,CLAPPER BOARD,Miscellaneous Symbols and Pictographs
0x1f367,U0001f367,40,0.675,0.233,0.233,0.535,0.302,SHAVED ICE,Miscellaneous Symbols and Pictographs
0x1f35c,U0001f35c,40,0.578,0.233,0.14,0.628,0.395,STEAMING BOWL,Miscellaneous Symbols and Pictographs
0x1f40f,U0001f40f,40,0.976,0.07,0.302,0.628,0.558,RAM,Miscellaneous Symbols and Pictographs
0x1f418,U0001f418,40,0.722,0.233,0.512,0.256,0.023,ELEPHANT,Miscellaneous Symbols and Pictographs
0x1f467,U0001f467,40,0.649,0.256,0.349,0.395,0.14,GIRL,Miscellaneous Symbols and Pictographs
0x1f3c4,U0001f3c4,39,0.773,0.071,0.333,0.595,0.524,SURFER,Miscellaneous Symbols and Pictographs
0x1f34b,U0001f34b,38,0.743,0.171,0.415,0.415,0.244,LEMON,Miscellaneous Symbols and Pictographs
0x1f197,U0001f197,38,0.852,0.171,0.122,0.707,0.537,SQUARED OK,Enclosed Alphanumeric Supplement
0x1f4fa,U0001f4fa,37,0.614,0.1,0.425,0.475,0.375,TELEVISION,Miscellaneous Symbols and Pictographs
0x1f345,U0001f345,37,0.838,0.25,0.15,0.6,0.35,TOMATO,Miscellaneous Symbols and Pictographs
0x1f422,U0001f422,37,0.622,0.175,0.45,0.375,0.2,TURTLE,Miscellaneous Symbols and Pictographs
0x1f459,U0001f459,37,0.697,0.1,0.3,0.6,0.5,BIKINI,Miscellaneous Symbols and Pictographs
0x1f3e1,U0001f3e1,36,0.744,0.154,0.256,0.59,0.436,HOUSE WITH GARDEN,Miscellaneous Symbols and Pictographs
0x1f33e,U0001f33e,36,0.558,0.154,0.154,0.692,0.538,EAR OF RICE,Miscellaneous Symbols and Pictographs
0x1f42c,U0001f42c,35,0.747,0.079,0.421,0.5,0.421,DOLPHIN,Miscellaneous Symbols and Pictographs
0x1f364,U0001f364,35,0.513,0.184,0.579,0.237,0.053,FRIED SHRIMP,Miscellaneous Symbols and Pictographs
0x1f1f9,U0001f1f9,35,0.584,0.026,0.368,0.605,0.579,REGIONAL INDICATOR SYMBOL LETTER T,Enclosed Alphanumeric Supplement
0x1f41d,U0001f41d,35,0.735,0.158,0.474,0.368,0.211,HONEYBEE,Miscellaneous Symbols and Pictographs
0x1f31d,U0001f31d,34,0.718,0.162,0.486,0.351,0.189,FULL MOON WITH FACE,Miscellaneous Symbols and Pictographs
0x1f1ee,U0001f1ee,34,0.576,0.027,0.351,0.622,0.595,REGIONAL INDICATOR SYMBOL LETTER I,Enclosed Alphanumeric Supplement
0x1f50b,U0001f50b,34,0.583,0.622,0.243,0.135,-0.486,BATTERY,Miscellaneous Symbols and Pictographs
0x1f40d,U0001f40d,34,0.623,0.108,0.432,0.459,0.351,SNAKE,Miscellaneous Symbols and Pictographs
0x1f373,U0001f373,33,0.798,0.389,0.194,0.417,0.028,COOKING,Miscellaneous Symbols and Pictographs
0x1f535,U0001f535,33,0.681,0.139,0.417,0.444,0.306,LARGE BLUE CIRCLE,Miscellaneous Symbols and Pictographs
0x1f63e,U0001f63e,33,0.915,0.583,0.167,0.25,-0.333,POUTING CAT FACE,Emoticons
0x1f315,U0001f315,33,0.642,0.111,0.222,0.667,0.556,FULL MOON SYMBOL,Miscellaneous Symbols and Pictographs
0x1f428,U0001f428,33,0.696,0.139,0.278,0.583,0.444,KOALA,Miscellaneous Symbols and Pictographs
0x1f510,U0001f510,33,0.845,0.194,0.278,0.528,0.333,CLOSED LOCK WITH KEY,Miscellaneous Symbols and Pictographs
0x1f4bf,U0001f4bf,33,0.444,0.028,0.333,0.639,0.611,OPTICAL DISC,Miscellaneous Symbols and Pictographs
0x1f333,U0001f333,32,0.536,0.086,0.343,0.571,0.486,DECIDUOUS TREE,Miscellaneous Symbols and Pictographs
0x1f470,U0001f470,32,0.787,0.114,0.286,0.6,0.486,BRIDE WITH VEIL,Miscellaneous Symbols and Pictographs
0x1f6b4,U0001f6b4,32,0.573,0.029,0.286,0.686,0.657,BICYCLIST,Transport and Map Symbols
0x1f457,U0001f457,31,0.703,0.176,0.412,0.412,0.235,DRESS,Miscellaneous Symbols and Pictographs
0x1f4ac,U0001f4ac,30,0.635,0.152,0.333,0.515,0.364,SPEECH BALLOON,Miscellaneous Symbols and Pictographs
0x1f51c,U0001f51c,30,0.606,0.182,0.364,0.455,0.273,SOON WITH RIGHTWARDS ARROW ABOVE,Miscellaneous Symbols and Pictographs
0x1f368,U0001f368,30,0.657,0.273,0.242,0.485,0.212,ICE CREAM,Miscellaneous Symbols and Pictographs
0x1f4b2,U0001f4b2,30,0.794,0.03,0.697,0.273,0.242,HEAVY DOLLAR SIGN,Miscellaneous Symbols and Pictographs
0x1f359,U0001f359,29,0.566,0.188,0.344,0.469,0.281,RICE BALL,Miscellaneous Symbols and Pictographs
0x1f357,U0001f357,29,0.675,0.313,0.313,0.375,0.063,POULTRY LEG,Miscellaneous Symbols and Pictographs
0x1f372,U0001f372,29,0.673,0.25,0.375,0.375,0.125,POT OF FOOD,Miscellaneous Symbols and Pictographs
0x1f365,U0001f365,29,0.58,0.719,0.156,0.125,-0.594,FISH CAKE WITH SWIRL DESIGN,Miscellaneous Symbols and Pictographs
0x1f63c,U0001f63c,28,0.856,0.194,0.258,0.548,0.355,CAT FACE WITH WRY SMILE,Emoticons
0x1f419,U0001f419,28,0.678,0.097,0.419,0.484,0.387,OCTOPUS,Miscellaneous Symbols and Pictographs
0x1f468,U0001f468,28,0.694,0.097,0.29,0.613,0.516,MAN,Miscellaneous Symbols and Pictographs
0x1f35a,U0001f35a,28,0.637,0.226,0.097,0.677,0.452,COOKED RICE,Miscellaneous Symbols and Pictographs
0x1f356,U0001f356,28,0.679,0.258,0.355,0.387,0.129,MEAT ON BONE,Miscellaneous Symbols and Pictographs
0x1f3b9,U0001f3b9,28,0.466,0.032,0.581,0.387,0.355,MUSICAL KEYBOARD,Miscellaneous Symbols and Pictographs
0x1f698,U0001f698,27,0.65,0.3,0.333,0.367,0.067,ONCOMING AUTOMOBILE,Transport and Map Symbols
0x1f34f,U0001f34f,27,0.852,0.267,0.4,0.333,0.067,GREEN APPLE,Miscellaneous Symbols and Pictographs
0x1f469,U0001f469,27,0.732,0.333,0.267,0.4,0.067,WOMAN,Miscellaneous Symbols and Pictographs
0x1f466,U0001f466,27,0.606,0.2,0.467,0.333,0.133,BOY,Miscellaneous Symbols and Pictographs
0x1f1ec,U0001f1ec,27,0.582,0.1,0.533,0.367,0.267,REGIONAL INDICATOR SYMBOL LETTER G,Enclosed Alphanumeric Supplement
0x1f1e7,U0001f1e7,27,0.595,0.1,0.533,0.367,0.267,REGIONAL INDICATOR SYMBOL LETTER B,Enclosed Alphanumeric Supplement
0x1f420,U0001f420,26,0.768,0.172,0.241,0.586,0.414,TROPICAL FISH,Miscellaneous Symbols and Pictographs
0x1f6b9,U0001f6b9,26,0.812,0.069,0.172,0.759,0.69,MENS SYMBOL,Transport and Map Symbols
0x1f4b5,U0001f4b5,26,0.807,0.138,0.345,0.517,0.379,BANKNOTE WITH DOLLAR SIGN,Miscellaneous Symbols and Pictographs
0x1f45b,U0001f45b,25,0.696,0.179,0.286,0.536,0.357,PURSE,Miscellaneous Symbols and Pictographs
0x1f699,U0001f699,25,0.653,0.214,0.536,0.25,0.036,RECREATIONAL VEHICLE,Transport and Map Symbols
0x1f331,U0001f331,25,0.561,0.036,0.357,0.607,0.571,SEEDLING,Miscellaneous Symbols and Pictographs
0x1f4bb,U0001f4bb,25,0.489,0.071,0.607,0.321,0.25,PERSONAL COMPUTER,Miscellaneous Symbols and Pictographs
0x1f30f,U0001f30f,25,0.681,0.143,0.393,0.464,0.321,EARTH GLOBE ASIA-AUSTRALIA,Miscellaneous Symbols and Pictographs
0x1f453,U0001f453,24,0.514,0.037,0.63,0.333,0.296,EYEGLASSES,Miscellaneous Symbols and Pictographs
0x1f332,U0001f332,23,0.496,0.115,0.385,0.5,0.385,EVERGREEN TREE,Miscellaneous Symbols and Pictographs
0x1f474,U0001f474,23,0.784,0.231,0.308,0.462,0.231,OLDER MAN,Miscellaneous Symbols and Pictographs
0x1f3e0,U0001f3e0,23,0.642,0.077,0.346,0.577,0.5,HOUSE BUILDING,Miscellaneous Symbols and Pictographs
0x1f347,U0001f347,23,0.584,0.231,0.269,0.5,0.269,GRAPES,Miscellaneous Symbols and Pictographs
0x1f358,U0001f358,23,0.621,0.231,0.154,0.615,0.385,RICE CRACKER,Miscellaneous Symbols and Pictographs
0x1f35b,U0001f35b,23,0.585,0.346,0.269,0.385,0.038,CURRY AND RICE,Miscellaneous Symbols and Pictographs
0x1f407,U0001f407,23,0.967,0.192,0.385,0.423,0.231,RABBIT,Miscellaneous Symbols and Pictographs
0x1f51e,U0001f51e,23,0.814,0.269,0.5,0.231,-0.038,NO ONE UNDER EIGHTEEN SYMBOL,Miscellaneous Symbols and Pictographs
0x1f475,U0001f475,23,0.818,0.231,0.115,0.654,0.423,OLDER WOMAN,Miscellaneous Symbols and Pictographs
0x1f519,U0001f519,23,0.144,0.115,0.577,0.308,0.192,BACK WITH LEFTWARDS ARROW ABOVE,Miscellaneous Symbols and Pictographs
0x1f335,U0001f335,23,0.67,0.269,0.269,0.462,0.192,CACTUS,Miscellaneous Symbols and Pictographs
0x1f43d,U0001f43d,22,0.648,0.24,0.4,0.36,0.12,PIG NOSE,Miscellaneous Symbols and Pictographs
0x1f36e,U0001f36e,22,0.701,0.44,0.24,0.32,-0.12,CUSTARD,Miscellaneous Symbols and Pictographs
0x1f387,U0001f387,22,0.821,0.08,0.16,0.76,0.68,FIREWORK SPARKLER,Miscellaneous Symbols and Pictographs
0x1f40e,U0001f40e,22,0.698,0.12,0.36,0.52,0.4,HORSE,Miscellaneous Symbols and Pictographs
0x1f4b6,U0001f4b6,22,0.748,0.16,0.68,0.16,0,BANKNOTE WITH EURO SIGN,Miscellaneous Symbols and Pictographs
0x1f424,U0001f424,22,0.838,0.08,0.32,0.6,0.52,BABY CHICK,Miscellaneous Symbols and Pictographs
0x1f6c0,U0001f6c0,21,0.904,0.292,0.292,0.417,0.125,BATH,Transport and Map Symbols
0x1f311,U0001f311,21,0.604,0.125,0.292,0.583,0.458,NEW MOON SYMBOL,Miscellaneous Symbols and Pictographs
0x1f6b2,U0001f6b2,21,0.583,0.083,0.458,0.458,0.375,BICYCLE,Transport and Map Symbols
0x1f411,U0001f411,21,0.922,0.292,0.583,0.125,-0.167,SHEEP,Miscellaneous Symbols and Pictographs
0x1f3c1,U0001f3c1,21,0.618,0.042,0.417,0.542,0.5,CHEQUERED FLAG,Miscellaneous Symbols and Pictographs
0x1f35e,U0001f35e,21,0.711,0.292,0.375,0.333,0.042,BREAD,Miscellaneous Symbols and Pictographs
0x1f3be,U0001f3be,21,0.82,0.125,0.208,0.667,0.542,TENNIS RACQUET AND BALL,Miscellaneous Symbols and Pictographs
0x1f239,U0001f239,21,0.35,0.083,0.542,0.375,0.292,SQUARED CJK UNIFIED IDEOGRAPH-5272,Enclosed Ideographic Supplement
0x1f433,U0001f433,20,0.656,0.217,0.435,0.348,0.13,SPOUTING WHALE,Miscellaneous Symbols and Pictographs
0x1f46e,U0001f46e,20,0.742,0.478,0.391,0.13,-0.348,POLICE OFFICER,Miscellaneous Symbols and Pictographs
0x1f435,U0001f435,20,0.631,0.087,0.348,0.565,0.478,MONKEY FACE,Miscellaneous Symbols and Pictographs
0x1f5fc,U0001f5fc,20,0.654,0.087,0.304,0.609,0.522,TOKYO TOWER,Miscellaneous Symbols and Pictographs
0x1f47a,U0001f47a,19,0.825,0.409,0.364,0.227,-0.182,JAPANESE GOBLIN,Miscellaneous Symbols and Pictographs
0x1f41a,U0001f41a,19,0.526,0.091,0.591,0.318,0.227,SPIRAL SHELL,Miscellaneous Symbols and Pictographs
0x1f442,U0001f442,19,0.682,0.364,0.409,0.227,-0.136,EAR,Miscellaneous Symbols and Pictographs
0x1f5fd,U0001f5fd,19,0.651,0.091,0.5,0.409,0.318,STATUE OF LIBERTY,Miscellaneous Symbols and Pictographs
0x1f375,U0001f375,19,0.65,0.182,0.273,0.545,0.364,TEACUP WITHOUT HANDLE,Miscellaneous Symbols and Pictographs
0x1f192,U0001f192,19,0.628,0.045,0.545,0.409,0.364,SQUARED COOL,Enclosed Alphanumeric Supplement
0x1f36f,U0001f36f,19,0.78,0.364,0.227,0.409,0.045,HONEY POT,Miscellaneous Symbols and Pictographs
0x1f43a,U0001f43a,19,0.735,0.136,0.5,0.364,0.227,WOLF FACE,Miscellaneous Symbols and Pictographs
0x1f313,U0001f313,19,0.458,0.045,0.318,0.636,0.591,FIRST QUARTER MOON SYMBOL,Miscellaneous Symbols and Pictographs
0x1f512,U0001f512,19,0.939,0.273,0.273,0.455,0.182,LOCK,Miscellaneous Symbols and Pictographs
0x1f473,U0001f473,18,0.816,0.143,0.095,0.762,0.619,MAN WITH TURBAN,Miscellaneous Symbols and Pictographs
0x1f302,U0001f302,18,0.785,0.143,0.476,0.381,0.238,CLOSED UMBRELLA,Miscellaneous Symbols and Pictographs
0x1f68c,U0001f68c,18,0.636,0.143,0.524,0.333,0.19,BUS,Transport and Map Symbols
0x1f361,U0001f361,18,0.7,0.286,0.476,0.238,-0.048,DANGO,Miscellaneous Symbols and Pictographs
0x1f3a1,U0001f3a1,18,0.506,0.095,0.524,0.381,0.286,FERRIS WHEEL,Miscellaneous Symbols and Pictographs
0x1f48c,U0001f48c,17,0.805,0.15,0.2,0.65,0.5,LOVE LETTER,Miscellaneous Symbols and Pictographs
0x1f429,U0001f429,17,0.87,0.05,0.55,0.4,0.35,POODLE,Miscellaneous Symbols and Pictographs
0x1f31c,U0001f31c,17,0.604,0.05,0.4,0.55,0.5,LAST QUARTER MOON WITH FACE,Miscellaneous Symbols and Pictographs
0x1f6bf,U0001f6bf,17,0.669,0.1,0.2,0.7,0.6,SHOWER,Transport and Map Symbols
0x1f416,U0001f416,17,0.814,0.05,0.75,0.2,0.15,PIG,Miscellaneous Symbols and Pictographs
0x1f506,U0001f506,17,0.605,0.05,0.35,0.6,0.55,HIGH BRIGHTNESS SYMBOL,Miscellaneous Symbols and Pictographs
0x1f31b,U0001f31b,17,0.68,0.05,0.35,0.6,0.55,FIRST QUARTER MOON WITH FACE,Miscellaneous Symbols and Pictographs
0x1f482,U0001f482,17,0.691,0.45,0.25,0.3,-0.15,GUARDSMAN,Miscellaneous Symbols and Pictographs
0x1f414,U0001f414,17,0.627,0.1,0.5,0.4,0.3,CHICKEN,Miscellaneous Symbols and Pictographs
0x1f64e,U0001f64e,17,0.641,0.45,0.15,0.4,-0.05,PERSON WITH POUTING FACE,Emoticons
0x1f3e9,U0001f3e9,16,0.587,0.158,0.263,0.579,0.421,LOVE HOTEL,Miscellaneous Symbols and Pictographs
0x1f1eb,U0001f1eb,16,0.718,0.053,0.421,0.526,0.474,REGIONAL INDICATOR SYMBOL LETTER F,Enclosed Alphanumeric Supplement
0x1f528,U0001f528,16,0.739,0.368,0.368,0.263,-0.105,HAMMER,Miscellaneous Symbols and Pictographs
0x1f4e2,U0001f4e2,16,0.546,0.053,0.474,0.474,0.421,PUBLIC ADDRESS LOUDSPEAKER,Miscellaneous Symbols and Pictographs
0x1f426,U0001f426,16,0.758,0.053,0.474,0.474,0.421,BIRD,Miscellaneous Symbols and Pictographs
0x1f432,U0001f432,16,0.458,0.158,0.737,0.105,-0.053,DRAGON FACE,Miscellaneous Symbols and Pictographs
0x1f318,U0001f318,16,0.578,0.053,0.316,0.632,0.579,WANING CRESCENT MOON SYMBOL,Miscellaneous Symbols and Pictographs
0x1f350,U0001f350,16,0.845,0.316,0.211,0.474,0.158,PEAR,Miscellaneous Symbols and Pictographs
0x1f314,U0001f314,16,0.447,0.053,0.316,0.632,0.579,WAXING GIBBOUS MOON SYMBOL,Miscellaneous Symbols and Pictographs
0x1f456,U0001f456,15,0.91,0.111,0.444,0.444,0.333,JEANS,Miscellaneous Symbols and Pictographs
0x1f6ba,U0001f6ba,15,0.677,0.167,0.5,0.333,0.167,WOMENS SYMBOL,Transport and Map Symbols
0x1f617,U0001f617,15,0.714,0.111,0.167,0.722,0.611,KISSING FACE,Emoticons
0x1f3ad,U0001f3ad,15,0.658,0.333,0.333,0.333,0,PERFORMING ARTS,Miscellaneous Symbols and Pictographs
0x1f404,U0001f404,15,0.826,0.167,0.389,0.444,0.278,COW,Miscellaneous Symbols and Pictographs
0x1f362,U0001f362,15,0.684,0.333,0.444,0.222,-0.111,ODEN,Miscellaneous Symbols and Pictographs
0x1f3a8,U0001f3a8,15,0.491,0.111,0.611,0.278,0.167,ARTIST PALETTE,Miscellaneous Symbols and Pictographs
0x1f6bc,U0001f6bc,15,0.693,0.056,0.333,0.611,0.556,BABY SYMBOL,Transport and Map Symbols
